0.17371
0.174163
0.175519
0.177773
0.180917
0.184937
0.189819
0.195542
0.202084
0.209419
0.217518
0.226348
0.235874
0.246058
0.256858
0.268232
0.280133
0.292513
0.305322
0.318507
0.332015
0.345791
0.359778
0.37392
0.388158
0.402435
0.416692
0.430872
0.444916
0.458768
0.472371
0.48567
0.498612
0.511145
0.523219
0.534786
0.5458
0.556216
0.565995
0.575098
0.58349
0.591137
0.59801
0.604083
0.609332
0.613737
0.617282
0.619952
0.621738
0.622632
0.622632
0.621738
0.619952
0.617282
0.613737
0.609332
0.604083
0.59801
0.591137
0.58349
0.575098
0.565995
0.556216
0.5458
0.534786
0.523219
0.511145
0.498612
0.48567
0.472371
0.458768
0.444916
0.430872
0.416692
0.402435
0.388158
0.37392
0.359778
0.345791
0.332015
0.318507
0.305322
0.292513
0.280133
0.268232
0.256858
0.246058
0.235874
0.226348
0.217518
0.209419
0.202084
0.195542
0.189819
0.184937
0.180917
0.177773
0.175519
0.174163
0.17371
